0
-7.31103
-8.320576666666668
-8.098700000000001
-6.602679999999999
-6.250175000000001
-8.938624999999998
-8.093385666666666
-6.14445
-6.42371
-8.12052
-5.539499999999999
-7.490729999999999
-7.441045
-6.3042
-5.53535
-6.572000000000002
-8.76856
-11.543270000000001
-6.514593333333334
-5.788470000000001
-6.44957
-7.726626666666666
-5.25349
-5.992935
-8.110380000000001
-8.289000000000001
-7.706900000000001
-5.13947
-7.523250000000001
-3.8327199999999992
-8.02656
-6.466415
-7.644239999999999
-5.5470999999999995
-5.825975000000001
-9.610730000000002
-3.9130000000000003
-6.8952599999999995
-9.251740000000002
-9.706440000000002
-5.14036
-7.3381500000000015
-7.581416666666668
-8.413858333333332
-7.6390899999999995
-7.138520000000001
-4.71968
-6.386806666666666
-7.134919999999999
-7.095390000000001
-8.260963333333333
-9.848080000000001
-5.812550000000001
-7.929304999999999
-6.227055
-4.620195000000001
-9.73207
-7.735849999999999
-7.467009999999999
-8.434280000000001
-8.313473333333334
-7.824539999999999
-7.369550000000001
-8.535850833333333
-8.813903333333334
-8.191630000000002
-8.595126666666667
-6.14082
-7.561849166666668
-8.53117
-8.2423
-4.615730000000001
-9.81444
-10.33797
-7.842719999999998
-4.907
-5.752373333333334
-8.07691
-6.5981499999999995
-4.44313
-5.16471
-9.084456666666666
-7.194955000000001
-4.198
-6.381229999999999
-8.51587
-8.110270000000002
-7.53719
-5.42959
-7.49803
-8.0195
-10.152073333333332
-8.007260000000002
-6.460823333333333
-5.775777500000001
-8.78012
-5.018179999999999
-7.9967908333333355
-6.582020000000001
-7.917156666666666
-7.937304999999999
-5.603700000000001
-10.795000000000003
-8.2706725
-10.34145
-5.47072
-8.121495000000001
-6.447275
-9.41015
-9.108439999999998
-7.6563799999999995
-5.733693333333333
-5.6045300000000005
-6.69059
-6.701160000000001
-9.428620000000002
-7.958870000000002
-8.219307
-8.409799999999999
-8.102607500000001
-5.445909999999999
-6.312660000000001
-10.59322333333333
-9.009585000000001
-7.870020000000001
-8.169000000000002
-9.418703333333331
-8.530868333333332
-5.839038333333334
-6.924275000000001
-9.542888333333334
-5.633900000000001
-9.80864
-11.270035
-8.65164
-7.016958333333335
-7.917093333333332
-9.062572000000003
-6.5407166666666665
-4.988590000000001
-8.94256
-6.631665
-6.305410000000002
-8.002210000000002
-7.428365000000001
-11.236804999999999
-7.352170000000002
-9.254285000000001
-8.48837
-7.58386
-8.657689999999999
-8.3813
-6.1052
-10.340750000000002
-7.434932666666667
-9.08414
-5.292400000000001
-9.49381
-6.570024999999999
-7.184415
-10.155410000000002
-7.99453
-8.746380000000002
-9.836445000000001
-6.461750000000001
-5.25705
-8.86507
-7.6048100000000005
-7.121775000000001
-5.789070000000001
-13.976959999999998
-5.46628
-9.898279333333335
-7.942470000000001
-8.42099
-9.74315166666667
-6.942406666666667
-8.654393333333335
-8.659215
-5.6179233333333345
-7.209510000000002
-6.02274
-8.154755
-10.189469999999998
-9.405774999999998
-8.713571666666667
-8.607440000000002
-10.669533333333336
-9.027370000000003
-9.284088333333333
-6.101351666666668
-9.7951
-7.6055399999999995
-8.577490000000001
-6.196409999999999
-8.301465
-4.588015
-7.34783
-6.071753333333334
-9.766900000000001
-5.882020000000001
-7.76396
-12.398243333333339
-7.811671666666666
-10.259218333333333
-11.506149999999998
-9.615680000000001
-6.282155
-8.84738
-9.439741499999998
-9.228875000000002
-8.377839999999999
-6.8115
-10.350820000000002
-11.131675000000001
-8.757909999999999
-7.098233333333333
-11.966095
-6.496359999999999
-5.50087
-5.853985000000001
-9.985580000000002
-9.300429999999999
-10.705855
-11.038111666666666
-7.808745
-9.60054
-8.733260000000001
-8.584800000000001
-8.81974
-6.4635099999999985
-7.069270000000001
-7.242770000000001
-7.680400000000001
-9.483494999999998
-8.52663666666667
-8.9250325
-7.008545
-8.29509
-9.43311
-9.03074
-8.274133333333335
-10.60721
-9.35023
-9.08886
-8.034775
-9.641865
-7.22846
-7.92197
-10.321005000000001
-8.854096666666667
-10.080070000000003
-9.116729999999999
-8.078355
-11.872370000000002
-7.452999999999999
-10.214909999999998
-7.672686666666667
-11.25736
-7.424925
-8.71309
-6.79972
-8.010589999999999
-10.042285
-11.999466666666667
-5.391360000000001
-10.195175
-13.233306666666667
-9.265916666666667
-8.151555000000002
-8.677358333333332
-8.016341333333335
-10.2911
-8.360441666666667
-10.844910000000002
-9.087530833333332
-10.132280000000002
-9.78679333333333
-10.217002999999998
-9.504335
-9.554643333333335
-11.086915000000001
-8.876611666666665
-7.959196666666665
-10.44223166666667
-8.357009999999999
-10.504533333333335
-10.353495
-11.270984166666665
-12.286045000000003
-10.071473333333333
-8.753140000000002
-6.706085
-8.40539
-12.15496
-8.901118333333333
-8.60332
-8.524440000000002
-9.414325
-8.189095
-10.419893333333334
-8.444130000000001
-6.209507500000001
-9.487856666666666
-10.029240000000001
-10.50331
-7.541568333333333
-12.22471
-7.415746666666669
-8.845470000000002
-8.333496666666669
-10.5772865
-10.734446666666669
-7.754669999999999
-8.468806666666667
-11.483359166666666
-9.30812
-9.036876666666668
-8.512473333333332
-9.243469999999999
-6.999594999999999
-8.897688
-10.201001666666667
-12.56867
-13.129159999999995
-9.516463333333336
-11.100374999999998
-9.451190833333333
-10.75755
-12.187
-9.4011
-10.767965833333335
-9.380825000000002
-8.972189999999998
-8.249171666666665
-12.801008333333332
-19.716310000000004
-9.374795
-10.015675
-10.897109999999998
-10.439085
-9.241298333333333
-8.359815000000001
-8.9054635
-8.711355000000001
-9.172956666666668
-7.8143
-8.92276
-11.104945
-11.817309999999996
-9.848316666666669
-8.555413333333334
-7.720780000000001
-10.357006666666663
-9.25516
-9.090360000000002
-9.020146666666667
-10.886449999999998
-8.540196666666667
-8.236501666666667
-13.306313333333337
-9.706001
-9.942140000000002
-8.958025
-9.73962
-7.719042666666667
-9.663549999999999
-9.081311666666666
-12.556858333333336
-12.359339999999998
-8.281527500000003
-7.614008333333333
-9.388765000000001
-7.844339642857143
-10.67041
-10.894600833333335
-9.192903
-11.346435000000003
-9.992780833333333
-8.623430000000003
-8.650269999999999
-8.111150000000002
-9.035115
-7.539848333333335
-8.715074999999999
-8.055311666666668
-9.67164
-14.940096666666665
-9.624630000000002
-7.047297499999999
-8.35547
-9.302780000000002
-9.835949999999999
-12.307063333333335
-9.373169999999998
-9.529096666666668
-7.72154
-9.996343333333334
-7.670590000000001
-8.418645000000001
-12.676628333333332
-14.551900000000007
-8.572316666666667
-10.596915000000001
-8.882052000000002
-10.573215000000005
-8.952594999999999
-8.028380000000002
-6.78986
-13.743669999999998
-10.734151666666667
-11.760721666666669
-10.1177175
-7.884021666666668
-11.066266666666667
-10.536811666666663
-9.582178333333333
-10.096403333333333
-8.738640000000002
-8.755195
-9.329646666666665
-8.343323333333334
-7.697498333333334
-13.583810000000003
-11.330855000000003
-9.645470000000001
-7.381330000000002
-6.858805
-8.815169999999998
-8.950524999999999
-11.066291666666668
-7.81273
-12.522069999999998
-8.418726666666668
-8.126081666666668
-10.243731666666667
-9.729569999999999
-10.07207833333333
-12.161799999999998
-10.765960833333336
-8.992260000000002
-10.148636666666665
-10.266203
-7.66604
-11.815036666666668
-9.698245
-8.487515000000002
-10.410703333333332
-9.125219999999999
-9.953823333333336
-10.342738333333333
-11.091318333333334
-8.749170000000003
-8.653840000000002
-11.627958000000001
-9.860385
-9.878660000000002
-10.782880000000002
-9.675526666666666
-8.484520000000002
-9.702726666666667
-10.223442499999999
-11.215582499999996
-8.873985
-11.35873
-9.765770000000002
-14.4958625
-13.210165
-12.4511625
-8.470569999999999
-11.685640000000003
-10.164140000000002
-12.251345333333331
-8.880413333333335
-12.872674999999997
-9.800765000000002
-8.2855275
-9.056890000000001
-12.628694999999999
-10.919300000000002
-9.903851500000002
-11.010943333333335
-8.65284
-12.324145
-7.8793000000000015
-10.322590000000002
-10.5726275
-9.665289999999999
-15.886318333333334
-8.757071666666667
-12.053208333333334
-10.923253333333333
-11.32335
-7.689236666666667
-11.619159999999999
-8.474271666666667
-9.835845
-8.334463333333336
-10.830779999999999
-12.47433
-9.072653333333333
-8.011075000000002
-9.323348333333332
-8.512478333333334
-10.637063333333332
-8.600679166666666
-13.186067500000004
-12.559023333333336
-9.467805000000002
-9.761740000000001
-9.078661666666667
-9.239573333333334
-13.515063333333334
-8.76298
-11.045838333333336
-9.40709
-9.118086666666665
-8.51707
-9.755620142857143
-11.229947500000003
-9.56401166666667
-7.570749999999999
-9.817868333333331
-9.195873333333333
-13.899403333333337
-7.402049999999998
-10.288038333333336
-12.544225000000004
-6.4876700000000005
-8.809315000000002
-9.602395000000001
-8.969323333333332
-10.269520000000002
-14.193095000000001
-9.225491333333336
-9.636655
-8.875774999999997
-10.585085
-10.604081666666668
-7.647873333333335
-10.791710000000002
-9.673104000000002
-10.273458666666668
-15.257126666666668
-8.671691666666664
-12.04498
-11.48717
-8.197538333333334
-10.873115
-8.20155
-8.773748333333334
-9.525170000000003
-8.26843
-8.200123333333334
-10.886101666666665
-10.182250000000002
-9.383556666666667
-13.510503333333336
-8.416049999999998
-12.85060166666667
-7.793324999999999
-7.735761000000002
-8.358138333333333
-9.738554166666665
-11.97667
-12.735575000000003
-9.518288333333334
-10.30672
-9.935526666666668
-9.966299999999999
-9.626059999999999
-10.21901
-9.02562
-11.0927425
-10.60656
-9.356230000000002
-8.237543333333335
-18.104972
-8.877825
-8.975155
-7.197188333333333
-10.320428333333332
-13.151240000000003
-7.548309999999999
-8.755243333333333
-8.805889999999998
-9.083886666666665
-11.147361666666669
-11.145128333333332
-9.477
-9.756140000000002
-12.935305
-13.920393333333333
-7.638821666666665
-9.222277333333333
-11.023679999999999
-10.360866666666666
-9.046776666666668
-8.675416666666667
-12.02985
-10.195404999999997
-8.588006666666667
-9.455370000000002
-9.142090000000001
-8.689694999999997
-10.90149
-8.320918333333335
-10.369534999999997
-11.097311666666666
-8.332858333333334
-8.30283
-12.577126666666667
-18.0587
-9.1714675
-8.966454166666669
-12.418113333333332
-9.525503
-8.086319999999999
-8.49958666666667
-11.451000000000002
-9.029136666666666
-8.37618
-10.473238333333331
-8.407115000000001
-7.317845
-7.721535000000002
-10.679411666666663
-7.0670666666666655
-9.447906666666666
-11.28591
-8.312195000000001
-11.366833333333336
-8.246976666666667
-6.236695
-8.09151
-7.804021666666668
-12.599975000000002
-7.194390000000001
-17.489715000000004
-10.958810000000001
-8.328208333333333
-11.024490000000002
-8.273465
-12.161755
-19.81460666666667
-8.611815
-9.002745
-13.574725
-9.377366666666667
-12.392158333333331
-10.66319
-11.984963333333337
-17.5295
-7.572958333333334
-7.677149999999999
-9.909590000000003
-7.295228333333334
-9.084066666666667
-9.3807
-11.66624
-13.491891666666664
-10.767738499999997
-8.466873333333336
-11.55527
-11.777362666666663
-12.487034999999997
-9.762195
-10.442450000000001
-8.973999999999998
-9.93929
-13.307176666666665
-9.829353333333334
-10.467635000000001
-8.07071033333333
-10.592550000000001
-8.353190000000001
-9.217498333333333
-14.205968333333333
-8.002275000000001
-10.214394999999998
-7.391681666666667
-10.346966666666665
-12.998803333333337
-11.012935833333334
-12.072677500000003
-12.313125000000003
-10.614126666666667
-8.876838333333335
-10.848785
-10.763214999999999
-9.185188333333333
-8.312891666666667
-9.606986666666668
-14.136568333333335
-8.702910000000003
-8.43541
-9.457028333333334
-10.5331
-9.376351666666668
-12.733334999999997
-8.173913333333333
-8.404104999999998
-9.208881666666668
-9.28534
-11.686224999999997
-8.218785000000004
-12.852013333333336
-8.1799
-9.879863333333331
-9.781479999999998
-9.613600833333333
-11.602076666666665
-6.8037800000000015
-11.531035000000005
-14.241269999999998
-9.139615000000001
-11.631195000000002
-8.066670000000002
-8.371345
-9.77607
-8.0226525
-11.84357
-8.055476666666667
-19.416595
-10.0714075
-8.907079999999999
-10.120904999999999
-9.884374999999999
-12.360238333333333
-10.597740000000003
-10.499303333333334
-11.071907499999998
-10.761116666666668
-15.858314333333338
-10.56533
-15.725018333333331
-10.726790000000001
-8.88696
-8.7239825
-10.08372833333333
-10.73009833333333
-8.787303333333334
-8.465600833333335
-13.273190000000003
-9.957923333333335
-9.120823333333334
-10.753810000000003
-9.484029333333334
-8.728730166666667
-8.1218
-13.578437666666671
-7.323009999999999
-13.720279999999999
-11.130736666666664
-9.227006666666668
-14.4228275
-11.856915000000003
-12.043983333333339
-13.601723
-9.105725000000001
-10.329138500000001
-9.385159333333334
-10.281665833333337
-11.562138333333332
-7.621346666666666
-11.27702
-9.346275
-9.819650000000001
-10.071560000000002
-8.33211
-11.580649999999999
-7.991891666666664
-7.448553333333334
-17.586795000000002
-11.339843333333334
-13.95223666666667
-11.410992000000002
-8.713766666666665
-13.378653333333332
-7.591369999999999
-10.480083333333331
-18.03015166666667
-10.360535
-8.71307666666667
-9.26138
-8.742300000000002
-13.4519
-10.894759166666669
-8.906283333333334
-10.275089238095239
-9.269226666666667
-12.434086666666666
-8.3880225
-9.02437
-9.664174999999998
-13.677250000000003
-16.98758
-9.585820000000002
-13.048878333333333
-8.865643333333335
-10.415830000000001
-9.752099999999995
-7.219634999999999
-9.347632333333335
-12.491014999999996
-9.841244999999999
-11.84957
-9.705315833333332
-9.13853
-9.824011666666667
-9.7267225
-9.788238333333336
-8.297023333333332
-8.72178
-9.974555
-9.829005
-9.044493333333333
-12.752499999999998
-9.15601
-17.366988333333328
-11.453915
-9.431025000000002
-8.782441666666665
-9.177100000000001
-9.764516666666667
-12.044676666666664
-9.206975
-12.180073333333333
-7.393343333333335
-10.556536666666666
-8.897180000000002
-14.874609333333332
-12.81358
-8.013373333333334
-11.320627666666665
-11.328844999999998
-14.173745000000002
-11.036015000000003
-15.63034666666666
-9.954365333333332
-7.71245
-11.973372500000002
-9.467056666666664
-8.82419
-9.792589999999999
-9.299299999999999
-10.034125
-19.537821666666666
-9.111015000000002
-7.109911000000002
-7.43705
-9.398946666666667
-8.675925
-18.785815
-9.890963333333335
-12.716170833333333
-16.570425
-11.034125000000005
-13.797752000000001
-12.894557000000002
-8.294233333333334
-9.52061
-9.512836666666667
-8.354808333333335
-11.253513333333329
-10.53718166666667
-12.00451
-13.41514416666667
-9.560819999999998
-11.3087
-14.858317500000002
-12.39988
-9.382880000000002
-9.057453333333335
-8.130165
-12.621630000000003
-10.399501666666666
-8.79862
-14.400369999999999
-8.16982
-11.610598333333332
-11.652709999999997
-10.046200666666666
-10.30179
-9.45104
-8.28592
-8.358463333333335
-11.495771666666668
-9.075397499999998
-12.342691666666669
-10.344030000000004
-8.763145000000002
-10.962551666666668
-7.139963333333333
-8.28205
-9.545471666666668
-11.38203
-8.439025
-8.528533333333332
-7.60164
-13.169505000000001
-11.011945000000006
-8.9012125
-15.985628333333333
-9.910219999999999
-11.821605000000002
-9.913443333333335
-7.615638333333334
-10.99004833333333
-8.645934999999998
-11.927223333333334
-18.23525833333334
-8.798526666666667
-12.957369999999997
-13.891825
-10.408533333333336
-8.473998333333336
-7.936420000000003
-11.695632499999999
-8.197838333333332
-8.643815
-11.763034000000001
-14.437348333333336
-10.147049166666665
-12.71209
-11.755120000000002
-10.252453333333333
-7.975845
-7.31905
-8.304196666666666
-10.780153333333331
-12.100109999999999
-15.040634999999996
-9.4458
-14.855095833333333
-10.541698333333336
-9.416161
-8.708266666666667
-9.350245
-9.000500000000002
-7.450046666666666
-14.936179999999997
-7.733619999999999
-7.8385283333333335
-8.906831666666665
-11.269625
-16.54396833333334
-11.18252
-10.56282
-9.802723333333335
-12.945846666666666
-9.3234
-10.591310000000004
-8.43721
-9.255333333333333
-8.463041666666665
-15.859104999999998
-10.750276666666666
-9.503950000000001
-12.824531666666665
-7.8666616666666656
-9.250065000000001
-7.656945
-13.61479
-15.478
-10.312496666666666
-11.149164999999996
-12.352365
-8.398484999999999
-15.106709999999994
-13.624879999999997
-17.113745
-8.383075
-15.780596666666666
-11.622443333333333
-11.944230000000001
-9.144185000000002
-14.980272500000002
-12.3371
-9.51574
-9.87556
-12.749768333333337
-10.40559
-7.659299999999999
-11.098076666666667
-11.661967500000001
-8.61675
-9.713880000000005
-9.526086666666666
-8.787611666666667
-8.71312
-9.091930000000001
-9.377153333333336
-14.002815000000002
-9.218
-12.136370000000001
-7.873193333333333
-10.595567500000001
-9.312919999999998
-11.69197
-11.749955000000002
