0
-500
-500
-500
-500
-500
-500
-500
-500
-500
-500
-500
-500
-500
-500
-500
-500
-500
-500
-500
-500
-500
-500
-500
-500
-500
-500
-500
-500
-500
-500
-500
-500
-500
-500
-500
-500
-500
-500
-500
-500
-500
-500
-500
-500
-400
-500
-500
-500
-500
-500
-500
-500
-500
-500
-500
-500
-500
-500
-500
-500
-500
-500
-500
-500
-500
-400
-500
-500
-500
-500
-500
-500
-500
-500
-500
-500
-500
-500
-500
-500
-500
-500
-500
-500
-400
-500
-500
-500
-500
-500
-500
-500
-500
-500
-500
-500
-500
-500
-500
-500
-500
-500
-500
-500
-500
-500
-500
-500
-500
-400
-500
-500
-500
-500
-500
-500
-500
-500
-500
-400
-500
-500
-500
-400
-400
-500
-400
-500
-500
-500
-500
-500
-500
-500
-500
-500
-500
-500
-500
-500
-500
-500
-500
-500
-500
-500
-500
-400
-500
-500
-500
-500
-500
-500
-500
-400
-500
-500
-500
-500
-500
-500
-500
-500
-500
-500
-500
-500
-500
-500
-500
-500
-500
-500
-500
-400
-500
-500
-500
-500
-500
-500
-500
-500
-500
-400
-500
-500
-500
-400
-500
-500
-500
-500
-500
-300
-500
-500
-500
-500
-500
-500
-500
-500
-500
-400
-500
-500
-500
-400
-400
-400
-500
-500
-500
-500
-500
-500
-500
-500
-500
-500
-500
-500
-400
-500
-500
-500
-500
-500
-500
-500
-500
-400
-500
-300
-300
-400
-500
-500
-500
-500
0
-500
-500
-400
-400
-500
-500
-300
-400
-300
-400
-500
-400
-500
-500
-300
-500
-400
-500
-500
-500
-500
-500
-400
-500
-500
-500
-500
-400
-400
-400
-500
-500
-400
-500
-200
-500
-200
-500
-300
-500
0
-300
-500
100
-500
-400
-500
-400
-500
-500
-400
-400
-300
-500
-500
-500
-500
-300
-200
-500
-300
-300
-500
-500
-400
-300
-500
-400
100
-400
-400
-400
-400
-400
0
0
-500
-500
-400
-200
200
-100
-300
-200
-300
-200
-300
-400
-200
-300
-500
-200
-100
300
-500
-100
-300
-200
-200
-500
-300
-200
-500
-300
-400
-100
-100
-400
-400
-500
-300
-400
-400
-300
-100
-200
-300
300
-300
-200
-300
-500
-300
0
-100
100
200
-500
0
-400
-300
-300
-300
-200
100
-100
-300
-200
-400
-400
-500
-300
-500
100
700
-200
-100
-100
-300
-200
100
-300
-300
-500
-300
-300
400
-100
200
-300
-100
-400
100
-400
-300
-500
0
-100
100
100
-300
0
-100
100
-300
0
-400
-400
-500
-500
400
-300
-100
-500
-300
-300
-400
-300
-500
0
-400
-400
200
-200
0
700
-200
-400
0
-100
-500
0
-200
-400
-200
-500
100
-200
0
-200
-400
-100
0
-100
-400
-100
-300
-300
0
-200
-200
-200
-200
800
-100
0
-100
-100
-300
200
-400
700
-300
-100
-200
400
0
0
100
-400
600
-500
0
-300
-200
100
-200
200
-300
-300
-200
-200
-300
-400
-200
-100
100
-200
-200
-200
200
-400
-400
-200
0
0
100
-200
-300
200
-300
-200
-300
-200
100
-300
0
0
-300
-100
-200
600
-200
-300
400
-300
-200
-400
-200
0
700
-300
-200
-400
-100
-100
-100
100
0
0
500
-400
300
-300
-200
0
-100
-200
-100
-200
-100
-100
-100
-100
100
100
400
-200
300
-100
600
100
300
0
100
0
300
0
200
-400
0
300
-100
-100
700
-400
700
-200
400
300
-400
-200
0
-400
300
-300
200
-200
300
700
-100
-200
-300
-100
0
100
0
-100
300
0
-200
-100
200
-300
200
500
-100
-400
1300
1500
300
200
700
200
-400
-200
600
300
-200
500
100
0
100
200
100
-300
600
-400
100
-400
-400
-200
200
800
-500
900
-100
-100
-200
600
400
800
0
-100
300
200
800
0
200
900
200
-300
0
-300
200
-400
0
500
400
400
0
0
0
-100
0
-200
-100
500
-200
500
-200
-300
-100
-100
300
-300
100
-100
-300
300
-200
200
100
300
-200
-100
300
0
-400
100
1300
-100
0
-100
0
-100
800
100
-200
-200
0
-100
-400
300
100
700
200
-300
200
0
600
200
700
100
100
400
0
900
-200
-400
1000
300
200
200
100
700
100
100
200
-200
1400
100
300
100
100
0
100
400
-100
-200
400
-100
300
1100
200
-100
-100
500
-200
400
0
200
500
300
0
400
200
400
-400
400
300
1500
100
-200
0
300
200
100
100
100
1300
300
300
0
-100
900
-100
700
1000
400
-100
800
200
700
200
0
-100
0
-100
100
200
200
500
500
-200
600
400
100
800
500
500
700
0
800
400
-100
100
-100
0
-100
400
0
-300
-100
-100
-500
1300
400
200
200
200
0
600
400
100
200
400
600
500
700
-200
700
0
1300
300
1700
700
0
300
-100
-100
100
-200
-100
1600
-500
100
-200
200
200
1600
500
400
1700
700
900
1000
800
-300
300
0
500
400
-200
100
-300
-200
500
200
400
500
200
200
0
100
100
200
200
200
500
400
200
800
100
800
-300
100
100
-400
400
600
-300
0
500
-400
-400
-100
700
100
-200
500
600
-100
400
-200
200
-200
300
700
1000
100
300
600
400
500
-100
-200
-200
600
1000
500
500
300
200
-300
100
100
0
0
700
100
1200
600
1000
600
-200
600
300
100
500
-100
-200
500
1100
0
0
-200
300
300
300
0
-300
0
1900
300
0
0
500
-200
100
600
600
400
400
400
-200
900
400
1400
-100
800
-100
0
-300
500
300
-200
700
500
500
-100
1500
900
-400
200
0
100
-200
100
300
500
1200
100
-100
1300
0
400
100
