0
4.863608000000006
-36.93015900000003
9.246759999999997
5.2817165000000035
-27.430066666666683
0.7521199761904789
1.437815333333333
10.249130000000005
8.624150000000004
-2.3579899047619053
6.8334500000000045
4.570593333333337
7.582240000000004
-1.6415396666666666
9.047430000000004
11.753430000000003
5.002713071428577
1.5071706666666698
9.1459
8.031139999999994
6.945790000000005
7.761530000000013
9.413260000000019
9.1661
10.549559999999984
9.119369999999998
9.050240000000004
9.47773
11.040260000000002
8.944820000000005
11.169739999999997
10.844840000000012
10.023429999999992
8.592069999999996
13.172939999999995
9.078859999999997
10.838479999999981
10.604930000000007
9.626679999999999
12.18787999999999
11.148239999999994
10.647939999999986
11.061309999999995
10.505840000000005
10.870659999999987
10.776629999999987
11.378129999999993
11.09677
10.161540000000002
11.210730000000003
11.326270000000012
9.506850000000002
10.449390000000006
10.755160000000002
10.46358999999998
9.614969999999989
9.794739999999996
10.476370000000001
9.550729999999993
12.429809999999986
11.333090000000011
10.740589999999992
10.217770000000005
9.38891
11.74416999999999
9.493689999999994
10.457660000000011
11.36272999999999
9.78636
11.370269999999987
11.381579999999992
10.957599999999987
11.565630000000002
11.028139999999999
10.625599999999999
10.350000000000001
11.193019999999997
9.338859999999988
9.829500000000008
11.31563000000001
10.552759999999996
10.213709999999992
11.23624000000001
9.653960000000005
10.954700000000004
11.266599999999995
10.972979999999998
10.886710000000008
10.791720000000018
10.337299999999995
11.69342
11.302100000000008
10.599609999999986
10.608219999999998
9.47042000000001
11.727329999999982
9.120070000000013
10.00843
11.820439999999993
12.100460000000009
11.92765
