0
13700
12500
13700
13800
14100
13200
13900
14700
14000
13000
14600
13900
13500
12300
14100
14300
13900
14100
14800
14000
13400
12900
14400
13800
14100
13100
12900
13200
14400
13500
14000
13700
13200
13000
15200
13500
14800
14000
13200
14400
14600
13500
14200
13700
14100
13900
14100
13900
13500
13900
14200
13100
13300
13600
13500
13600
13600
14200
13100
14700
14100
13600
13700
12900
14200
12900
13500
14100
13100
14500
14200
13700
14000
13700
13300
13500
13800
13300
13200
13900
14100
13100
13700
13500
14000
13600
14300
13800
13600
13800
14400
14000
13500
13300
12600
13900
13300
13300
14500
14900
14400
